Script started on Sun 10 Mar 2019 05:46:45 PM EDT
[38;5;9mBegin Testing the Program!
--------------------------[0m

Command Line: w7 345_w7_Simple_prof.dat 345_w7_HS_College_GPA_prof.dat

****************************************
*** Processing file [345_w7_Simple_prof.dat]
****************************************

Data Values
------------
       x       y
  2.1000  8.0000
  2.5000 12.0000
  4.0000 14.0000
  3.6000 10.0000

Statistics
----------
  y mean    =  11.0000
  y sigma   =   2.5820
  y median  =  12.0000
  slope     =   1.9087
  intercept =   5.1784

****************************************
*** Processing file [345_w7_HS_College_GPA_prof.dat]
****************************************

Data Values
------------
       x       y
  3.4500  3.7600
  2.7800  2.8700
  2.5200  2.5400
  3.6700  3.8300
  3.2400  3.2900
  2.1000  2.6400
  2.8200  2.8600
  2.3600  2.0300
  2.4200  2.8100
  3.5100  3.4100
  3.4800  3.6100
  2.1400  2.4800
  2.5900  3.2100
  3.4600  3.5200
  3.5100  3.4100
  3.6800  3.5200
  3.9100  3.8400
  3.7200  3.6400
  2.1500  2.1400
  2.4800  2.2100
  3.0900  3.1700
  2.7100  3.0100
  2.4600  3.1700
  3.3200  3.0100
  3.6100  3.7200
  3.8200  3.7800
  2.6400  2.5100
  2.1900  2.1000
  3.3400  3.2100
  3.4800  3.6800
  3.5600  3.4800
  3.8100  3.7100
  3.9200  3.8100
  2.5200  2.0900
  2.7100  2.1700
  3.1500  2.9800
  3.2200  3.2800
  2.2900  2.7400
  2.0300  2.1900
  3.1400  3.2800
  3.5200  3.6800
  2.9100  3.1700
  2.8300  3.1700
  2.6500  3.3100
  2.4100  3.0700
  2.5400  2.3800
  2.6600  2.9400
  3.2100  2.8400
  3.3400  3.1700
  3.6800  3.7200
  2.8400  2.1700
  2.7400  2.4200
  2.7100  2.4900
  2.2400  3.3800
  2.4800  2.0700
  3.1400  3.2200
  2.8300  2.7100
  3.4400  3.3100
  2.8900  3.2800
  2.6700  3.1900
  3.2400  3.2400
  3.2900  3.5300
  3.8700  3.7200
  3.9400  3.9800
  3.4200  3.0900
  3.5200  3.4200
  2.2400  2.0700
  3.2900  3.1700
  3.4100  3.5100
  3.5600  3.4900
  3.6100  3.5100
  3.2800  3.4000
  3.2100  3.3800
  3.4800  3.5400
  3.6200  3.4800
  2.9200  3.0900
  2.8100  3.1400
  3.1100  3.2800
  3.2800  3.4100
  2.7000  3.0200
  2.6200  2.9700
  3.7200  4.0000
  3.4200  3.3400
  3.5100  3.2800
  3.2800  3.3200
  3.4200  3.5100
  3.9000  3.6800
  3.1200  3.0700
  2.8300  2.7800
  2.0900  3.6800
  3.1700  3.3000
  3.2800  3.3400
  3.0200  3.1700
  3.4200  3.0700
  3.0600  3.1900
  2.7600  2.1500
  3.1900  3.1100
  2.2300  2.1700
  2.4800  2.1400
  3.7600  3.7400
  3.4900  3.2700
  3.0700  3.1900
  2.1900  2.9800
  3.4600  3.2800

Statistics
----------
  y mean    =   3.1212
  y sigma   =   0.5066
  y median  =   3.2100
  slope     =   0.7802
  intercept =   0.7279

[38;5;9m------------------------
End Testing the Program![0m

Script done on Sun 10 Mar 2019 05:46:45 PM EDT
